min_vals: 0.02,5.28,0.16,0.004,0.004,0.25,0.025,0.005,0.05
max_vals: 33.6,9.84,29.5,48020.9,4995.0,24.51,4.346,1.521,31.8
norm_means: 0.2746241212142825,0.57047640591446,0.3615888701055189,0.02284236593831621,0.005337023014088737,0.09319895516222163,0.03242660342198601,0.03274004931156106,0.1028372422171599
norm_stds: 0.1535242548536391,0.11203857238800113,0.08862804447786457,0.0725910431153857,0.028208463566117933,0.07052161363209143,0.05930143703667164,0.03355165198518056,0.10240752480203841
